{
  "scene": "Scene",
  "frame": 0,
  "armature": "Character_All",
  "wrist_bones": {
    "left": "left_wrist",
    "right": "right_wrist"
  },
  "bones": {
    "left_index1": {
      "parent": "left_wrist",
      "rotation_mode": "QUATERNION",
      "basis_location": [
        0.0,
        0.0,
        0.0
      ],
      "basis_rotation_quaternion": [
        0.883723,
        -0.0,
        0.0,
        0.46801
      ],
      "basis_rotation_euler": null,
      "basis_scale": [
        1.0,
        1.0,
        1.0
      ],
      "matrix_basis": [
        [
          0.561934,
          -0.827182,
          -0.0,
          0.0
        ],
        [
          0.827182,
          0.561934,
          0.0,
          0.0
        ],
        [
          -0.0,
          -0.0,
          1.0,
          0.0
        ],
        [
          0.0,
          0.0,
          0.0,
          1.0
        ]
      ],
      "matrix_relative_to_wrist": [
        [
          0.561934,
          -0.827182,
          -0.0,
          -0.002297
        ],
        [
          0.827182,
          0.561934,
          0.0,
          0.059412
        ],
        [
          -0.0,
          -0.0,
          1.0,
          -0.013936
        ],
        [
          0.0,
          0.0,
          0.0,
          1.0
        ]
      ]
    },
    "left_index2": {
      "parent": "left_index1",
      "rotation_mode": "QUATERNION",
      "basis_location": [
        0.0,
        0.0,
        0.0
      ],
      "basis_rotation_quaternion": [
        0.652275,
        -0.0,
        0.0,
        0.757866
      ],
      "basis_rotation_euler": null,
      "basis_scale": [
        1.0,
        1.0,
        1.0
      ],
      "matrix_basis": [
        [
          -0.148925,
          -0.988849,
          -0.0,
          0.0
        ],
        [
          0.988849,
          -0.148925,
          0.0,
          0.0
        ],
        [
          -0.0,
          -0.0,
          1.0,
          0.0
        ],
        [
          0.0,
          0.0,
          0.0,
          1.0
        ]
      ],
      "matrix_relative_to_wrist": [
        [
          -0.901644,
          -0.432479,
          -1e-06,
          -0.019025
        ],
        [
          0.432479,
          -0.901644,
          0.0,
          0.070717
        ],
        [
          -1e-06,
          -0.0,
          1.0,
          -0.014394
        ],
        [
          0.0,
          0.0,
          0.0,
          1.0
        ]
      ]
    },
    "left_index3": {
      "parent": "left_index2",
      "rotation_mode": "QUATERNION",
      "basis_location": [
        -0.0,
        0.0,
        0.0
      ],
      "basis_rotation_quaternion": [
        1.0,
        0.0,
        -0.0,
        0.0
      ],
      "basis_rotation_euler": null,
      "basis_scale": [
        1.0,
        1.0,
        1.0
      ],
      "matrix_basis": [
        [
          1.0,
          0.0,
          0.0,
          -0.0
        ],
        [
          0.0,
          1.0,
          0.0,
          0.0
        ],
        [
          0.0,
          0.0,
          1.0,
          0.0
        ],
        [
          0.0,
          0.0,
          0.0,
          1.0
        ]
      ],
      "matrix_relative_to_wrist": [
        [
          -0.901644,
          -0.432479,
          -1e-06,
          -0.025899
        ],
        [
          0.432479,
          -0.901644,
          0.0,
          0.056473
        ],
        [
          -1e-06,
          -0.0,
          1.0,
          -0.015191
        ],
        [
          0.0,
          0.0,
          0.0,
          1.0
        ]
      ]
    },
    "left_middle1": {
      "parent": "left_wrist",
      "rotation_mode": "QUATERNION",
      "basis_location": [
        0.0,
        0.0,
        0.0
      ],
      "basis_rotation_quaternion": [
        0.769587,
        -0.027282,
        -0.032955,
        0.637107
      ],
      "basis_rotation_euler": null,
      "basis_scale": [
        1.0,
        1.0,
        1.0
      ],
      "matrix_basis": [
        [
          0.186016,
          -0.978821,
          -0.085487,
          0.0
        ],
        [
          0.982417,
          0.186699,
          0.0,
          0.0
        ],
        [
          0.01596,
          -0.083984,
          0.996339,
          0.0
        ],
        [
          0.0,
          0.0,
          0.0,
          1.0
        ]
      ],
      "matrix_relative_to_wrist": [
        [
          0.186016,
          -0.978821,
          -0.085487,
          0.000388
        ],
        [
          0.982417,
          0.186699,
          0.0,
          0.059091
        ],
        [
          0.01596,
          -0.083984,
          0.996339,
          0.000933
        ],
        [
          0.0,
          0.0,
          0.0,
          1.0
        ]
      ]
    },
    "left_middle2": {
      "parent": "left_middle1",
      "rotation_mode": "QUATERNION",
      "basis_location": [
        0.0,
        0.0,
        0.0
      ],
      "basis_rotation_quaternion": [
        0.826946,
        -0.003394,
        -0.013583,
        0.562107
      ],
      "basis_rotation_euler": null,
      "basis_scale": [
        1.0,
        1.0,
        1.0
      ],
      "matrix_basis": [
        [
          0.367703,
          -0.929572,
          -0.026279,
          0.0
        ],
        [
          0.929757,
          0.368048,
          -0.009657,
          0.0
        ],
        [
          0.018649,
          -0.020882,
          0.999608,
          0.0
        ],
        [
          0.0,
          0.0,
          0.0,
          1.0
        ]
      ],
      "matrix_relative_to_wrist": [
        [
          -0.843261,
          -0.531384,
          -0.080889,
          -0.020999
        ],
        [
          0.534822,
          -0.844513,
          -0.02762,
          0.063079
        ],
        [
          -0.053635,
          -0.066552,
          0.99634,
          -0.000118
        ],
        [
          0.0,
          0.0,
          0.0,
          1.0
        ]
      ]
    },
    "left_middle3": {
      "parent": "left_middle2",
      "rotation_mode": "QUATERNION",
      "basis_location": [
        -0.0,
        0.0,
        -0.0
      ],
      "basis_rotation_quaternion": [
        1.0,
        0.0,
        -0.0,
        0.0
      ],
      "basis_rotation_euler": null,
      "basis_scale": [
        1.0,
        1.0,
        1.0
      ],
      "matrix_basis": [
        [
          1.0,
          0.0,
          0.0,
          -0.0
        ],
        [
          0.0,
          1.0,
          0.0,
          0.0
        ],
        [
          0.0,
          0.0,
          1.0,
          -0.0
        ],
        [
          0.0,
          0.0,
          0.0,
          1.0
        ]
      ],
      "matrix_relative_to_wrist": [
        [
          -0.843261,
          -0.531384,
          -0.080889,
          -0.029537
        ],
        [
          0.534822,
          -0.844513,
          -0.02762,
          0.048929
        ],
        [
          -0.053635,
          -0.066552,
          0.99634,
          -0.001191
        ],
        [
          0.0,
          0.0,
          0.0,
          1.0
        ]
      ]
    },
    "left_pinky1": {
      "parent": "left_wrist",
      "rotation_mode": "QUATERNION",
      "basis_location": [
        0.0,
        0.0,
        0.0
      ],
      "basis_rotation_quaternion": [
        0.762643,
        -0.20679,
        -0.292961,
        0.53832
      ],
      "basis_rotation_euler": null,
      "basis_scale": [
        1.0,
        1.0,
        1.0
      ],
      "matrix_basis": [
        [
          0.248772,
          -0.699928,
          -0.669488,
          0.0
        ],
        [
          0.942254,
          0.3349,
          0.0,
          0.0
        ],
        [
          0.224211,
          -0.630827,
          0.742823,
          0.0
        ],
        [
          0.0,
          0.0,
          0.0,
          1.0
        ]
      ],
      "matrix_relative_to_wrist": [
        [
          0.248772,
          -0.699928,
          -0.669488,
          -0.000342
        ],
        [
          0.942254,
          0.3349,
          0.0,
          0.052197
        ],
        [
          0.224211,
          -0.630827,
          0.742823,
          0.028933
        ],
        [
          0.0,
          0.0,
          0.0,
          1.0
        ]
      ]
    },
    "left_pinky2": {
      "parent": "left_pinky1",
      "rotation_mode": "QUATERNION",
      "basis_location": [
        0.0,
        0.0,
        0.0
      ],
      "basis_rotation_quaternion": [
        0.856365,
        -0.008052,
        -0.086574,
        0.508998
      ],
      "basis_rotation_euler": null,
      "basis_scale": [
        1.0,
        1.0,
        1.0
      ],
      "matrix_basis": [
        [
          0.466852,
          -0.870382,
          -0.156474,
          0.0
        ],
        [
          0.873171,
          0.481712,
          -0.074341,
          0.0
        ],
        [
          0.140081,
          -0.101922,
          0.98488,
          0.0
        ],
        [
          0.0,
          0.0,
          0.0,
          1.0
        ]
      ],
      "matrix_relative_to_wrist": [
        [
          -0.588799,
          -0.485454,
          -0.646258,
          -0.013692
        ],
        [
          0.732317,
          -0.658796,
          -0.172335,
          0.056468
        ],
        [
          -0.342092,
          -0.574737,
          0.743405,
          0.020321
        ],
        [
          0.0,
          0.0,
          0.0,
          1.0
        ]
      ]
    },
    "left_pinky3": {
      "parent": "left_pinky2",
      "rotation_mode": "QUATERNION",
      "basis_location": [
        -0.0,
        0.0,
        0.0
      ],
      "basis_rotation_quaternion": [
        1.0,
        0.0,
        -0.0,
        0.0
      ],
      "basis_rotation_euler": null,
      "basis_scale": [
        1.0,
        1.0,
        1.0
      ],
      "matrix_basis": [
        [
          1.0,
          0.0,
          0.0,
          -0.0
        ],
        [
          0.0,
          1.0,
          0.0,
          0.0
        ],
        [
          0.0,
          0.0,
          1.0,
          0.0
        ],
        [
          0.0,
          0.0,
          0.0,
          1.0
        ]
      ],
      "matrix_relative_to_wrist": [
        [
          -0.588799,
          -0.485454,
          -0.646258,
          -0.019898
        ],
        [
          0.732317,
          -0.658796,
          -0.172335,
          0.047672
        ],
        [
          -0.342092,
          -0.574737,
          0.743405,
          0.015522
        ],
        [
          0.0,
          0.0,
          0.0,
          1.0
        ]
      ]
    },
    "left_ring1": {
      "parent": "left_wrist",
      "rotation_mode": "QUATERNION",
      "basis_location": [
        0.0,
        0.0,
        0.0
      ],
      "basis_rotation_quaternion": [
        0.794858,
        -0.152851,
        -0.223782,
        0.542916
      ],
      "basis_rotation_euler": null,
      "basis_scale": [
        1.0,
        1.0,
        1.0
      ],
      "matrix_basis": [
        [
          0.310327,
          -0.794673,
          -0.521721,
          0.0
        ],
        [
          0.931494,
          0.363757,
          0.0,
          0.0
        ],
        [
          0.189779,
          -0.48598,
          0.853116,
          0.0
        ],
        [
          0.0,
          0.0,
          0.0,
          1.0
        ]
      ],
      "matrix_relative_to_wrist": [
        [
          0.310327,
          -0.794673,
          -0.521721,
          0.000452
        ],
        [
          0.931494,
          0.363757,
          0.0,
          0.057277
        ],
        [
          0.189779,
          -0.48598,
          0.853116,
          0.015311
        ],
        [
          0.0,
          0.0,
          0.0,
          1.0
        ]
      ]
    },
    "left_ring2": {
      "parent": "left_ring1",
      "rotation_mode": "QUATERNION",
      "basis_location": [
        0.0,
        0.0,
        0.0
      ],
      "basis_rotation_quaternion": [
        0.853688,
        -0.001132,
        -0.089939,
        0.512958
      ],
      "basis_rotation_euler": null,
      "basis_scale": [
        1.0,
        1.0,
        1.0
      ],
      "matrix_basis": [
        [
          0.45757,
          -0.875609,
          -0.15472,
          0.0
        ],
        [
          0.876017,
          0.473745,
          -0.090337,
          0.0
        ],
        [
          0.152398,
          -0.094202,
          0.98382,
          0.0
        ],
        [
          0.0,
          0.0,
          0.0,
          1.0
        ]
      ],
      "matrix_relative_to_wrist": [
        [
          -0.633659,
          -0.59905,
          -0.489505,
          -0.016014
        ],
        [
          0.74488,
          -0.643297,
          -0.176981,
          0.063817
        ],
        [
          -0.208876,
          -0.476768,
          0.853852,
          0.007295
        ],
        [
          0.0,
          0.0,
          0.0,
          1.0
        ]
      ]
    },
    "left_ring3": {
      "parent": "left_ring2",
      "rotation_mode": "QUATERNION",
      "basis_location": [
        0.0,
        0.0,
        -0.0
      ],
      "basis_rotation_quaternion": [
        1.0,
        0.0,
        -0.0,
        0.0
      ],
      "basis_rotation_euler": null,
      "basis_scale": [
        1.0,
        1.0,
        1.0
      ],
      "matrix_basis": [
        [
          1.0,
          0.0,
          0.0,
          0.0
        ],
        [
          0.0,
          1.0,
          0.0,
          0.0
        ],
        [
          0.0,
          0.0,
          1.0,
          -0.0
        ],
        [
          0.0,
          0.0,
          0.0,
          1.0
        ]
      ],
      "matrix_relative_to_wrist": [
        [
          -0.633659,
          -0.59905,
          -0.489505,
          -0.024731
        ],
        [
          0.74488,
          -0.643297,
          -0.176981,
          0.053737
        ],
        [
          -0.208876,
          -0.476768,
          0.853852,
          0.001719
        ],
        [
          0.0,
          0.0,
          0.0,
          1.0
        ]
      ]
    },
    "left_thumb1": {
      "parent": "left_wrist",
      "rotation_mode": "QUATERNION",
      "basis_location": [
        0.0,
        0.0,
        0.0
      ],
      "basis_rotation_quaternion": [
        0.99582,
        -0.0,
        0.0,
        0.088982
      ],
      "basis_rotation_euler": null,
      "basis_scale": [
        1.0,
        1.0,
        1.0
      ],
      "matrix_basis": [
        [
          0.984158,
          -0.177296,
          -0.0,
          0.0
        ],
        [
          0.177296,
          0.984158,
          0.0,
          0.0
        ],
        [
          -0.0,
          -0.0,
          1.0,
          0.0
        ],
        [
          0.0,
          0.0,
          0.0,
          1.0
        ]
      ],
      "matrix_relative_to_wrist": [
        [
          0.984158,
          -0.177296,
          -0.0,
          -0.006773
        ],
        [
          0.177296,
          0.984158,
          0.0,
          0.024765
        ],
        [
          -0.0,
          -0.0,
          1.0,
          -0.015628
        ],
        [
          0.0,
          0.0,
          0.0,
          1.0
        ]
      ]
    },
    "left_thumb2": {
      "parent": "left_thumb1",
      "rotation_mode": "QUATERNION",
      "basis_location": [
        0.0,
        0.0,
        0.0
      ],
      "basis_rotation_quaternion": [
        1.0,
        0.0,
        -0.0,
        0.0
      ],
      "basis_rotation_euler": null,
      "basis_scale": [
        1.0,
        1.0,
        1.0
      ],
      "matrix_basis": [
        [
          1.0,
          0.0,
          0.0,
          0.0
        ],
        [
          0.0,
          1.0,
          0.0,
          0.0
        ],
        [
          0.0,
          0.0,
          1.0,
          0.0
        ],
        [
          0.0,
          0.0,
          0.0,
          1.0
        ]
      ],
      "matrix_relative_to_wrist": [
        [
          0.984158,
          -0.177296,
          -0.0,
          -0.013174
        ],
        [
          0.177296,
          0.984158,
          0.0,
          0.039596
        ],
        [
          -0.0,
          -0.0,
          1.0,
          -0.023718
        ],
        [
          0.0,
          0.0,
          0.0,
          1.0
        ]
      ]
    },
    "left_thumb3": {
      "parent": "left_thumb2",
      "rotation_mode": "QUATERNION",
      "basis_location": [
        -0.0,
        0.0,
        0.0
      ],
      "basis_rotation_quaternion": [
        1.0,
        0.0,
        -0.0,
        0.0
      ],
      "basis_rotation_euler": null,
      "basis_scale": [
        1.0,
        1.0,
        1.0
      ],
      "matrix_basis": [
        [
          1.0,
          0.0,
          0.0,
          -0.0
        ],
        [
          0.0,
          1.0,
          0.0,
          0.0
        ],
        [
          0.0,
          0.0,
          1.0,
          0.0
        ],
        [
          0.0,
          0.0,
          0.0,
          1.0
        ]
      ],
      "matrix_relative_to_wrist": [
        [
          0.984158,
          -0.177296,
          -0.0,
          -0.017321
        ],
        [
          0.177296,
          0.984158,
          0.0,
          0.055191
        ],
        [
          -0.0,
          -0.0,
          1.0,
          -0.027729
        ],
        [
          0.0,
          0.0,
          0.0,
          1.0
        ]
      ]
    },
    "right_index1": {
      "parent": "right_wrist",
      "rotation_mode": "QUATERNION",
      "basis_location": [
        0.0,
        -0.0,
        -0.0
      ],
      "basis_rotation_quaternion": [
        0.807419,
        0.0,
        -0.0,
        0.589974
      ],
      "basis_rotation_euler": null,
      "basis_scale": [
        1.0,
        1.0,
        1.0
      ],
      "matrix_basis": [
        [
          0.303857,
          -0.952718,
          0.0,
          0.0
        ],
        [
          0.952718,
          0.303857,
          -0.0,
          -0.0
        ],
        [
          0.0,
          0.0,
          1.0,
          -0.0
        ],
        [
          0.0,
          0.0,
          0.0,
          1.0
        ]
      ],
      "matrix_relative_to_wrist": [
        [
          0.303857,
          -0.952718,
          0.0,
          -0.00084
        ],
        [
          0.952718,
          0.303857,
          -0.0,
          0.060857
        ],
        [
          0.0,
          0.0,
          1.0,
          0.011263
        ],
        [
          0.0,
          0.0,
          0.0,
          1.0
        ]
      ]
    },
    "right_index2": {
      "parent": "right_index1",
      "rotation_mode": "QUATERNION",
      "basis_location": [
        0.0,
        0.0,
        -0.0
      ],
      "basis_rotation_quaternion": [
        0.807764,
        0.0,
        0.0,
        0.588844
      ],
      "basis_rotation_euler": null,
      "basis_scale": [
        1.0,
        1.0,
        1.0
      ],
      "matrix_basis": [
        [
          0.305984,
          -0.952037,
          0.0,
          0.0
        ],
        [
          0.952037,
          0.305984,
          -0.0,
          0.0
        ],
        [
          0.0,
          0.0,
          1.0,
          -0.0
        ],
        [
          0.0,
          0.0,
          0.0,
          1.0
        ]
      ],
      "matrix_relative_to_wrist": [
        [
          -0.814047,
          -0.5808,
          0.0,
          -0.018954
        ],
        [
          0.5808,
          -0.814047,
          -0.0,
          0.067268
        ],
        [
          0.0,
          0.0,
          1.0,
          0.011092
        ],
        [
          0.0,
          0.0,
          0.0,
          1.0
        ]
      ]
    },
    "right_index3": {
      "parent": "right_index2",
      "rotation_mode": "QUATERNION",
      "basis_location": [
        0.0,
        0.0,
        -0.0
      ],
      "basis_rotation_quaternion": [
        1.0,
        0.0,
        0.0,
        0.0
      ],
      "basis_rotation_euler": null,
      "basis_scale": [
        1.0,
        1.0,
        1.0
      ],
      "matrix_basis": [
        [
          1.0,
          0.0,
          0.0,
          0.0
        ],
        [
          0.0,
          1.0,
          0.0,
          0.0
        ],
        [
          0.0,
          0.0,
          1.0,
          -0.0
        ],
        [
          0.0,
          0.0,
          0.0,
          1.0
        ]
      ],
      "matrix_relative_to_wrist": [
        [
          -0.814047,
          -0.5808,
          0.0,
          -0.028817
        ],
        [
          0.5808,
          -0.814047,
          -0.0,
          0.054557
        ],
        [
          0.0,
          0.0,
          1.0,
          0.011325
        ],
        [
          0.0,
          0.0,
          0.0,
          1.0
        ]
      ]
    },
    "right_middle1": {
      "parent": "right_wrist",
      "rotation_mode": "QUATERNION",
      "basis_location": [
        0.0,
        0.0,
        0.0
      ],
      "basis_rotation_quaternion": [
        0.709973,
        0.128747,
        0.134597,
        0.679113
      ],
      "basis_rotation_euler": null,
      "basis_scale": [
        1.0,
        1.0,
        1.0
      ],
      "matrix_basis": [
        [
          0.041328,
          -0.929694,
          0.366007,
          0.0
        ],
        [
          0.999013,
          0.04441,
          -0.0,
          0.0
        ],
        [
          -0.016254,
          0.365645,
          0.930612,
          0.0
        ],
        [
          0.0,
          0.0,
          0.0,
          1.0
        ]
      ],
      "matrix_relative_to_wrist": [
        [
          0.041328,
          -0.929694,
          0.366007,
          0.001649
        ],
        [
          0.999013,
          0.04441,
          -0.0,
          0.058327
        ],
        [
          -0.016254,
          0.365645,
          0.930612,
          -0.002734
        ],
        [
          0.0,
          0.0,
          0.0,
          1.0
        ]
      ]
    },
    "right_middle2": {
      "parent": "right_middle1",
      "rotation_mode": "QUATERNION",
      "basis_location": [
        -0.0,
        0.0,
        -0.0
      ],
      "basis_rotation_quaternion": [
        0.853523,
        0.0,
        0.0,
        0.521054
      ],
      "basis_rotation_euler": null,
      "basis_scale": [
        1.0,
        1.0,
        1.0
      ],
      "matrix_basis": [
        [
          0.457004,
          -0.889464,
          0.0,
          -0.0
        ],
        [
          0.889464,
          0.457004,
          -0.0,
          0.0
        ],
        [
          0.0,
          0.0,
          1.0,
          -0.0
        ],
        [
          0.0,
          0.0,
          0.0,
          1.0
        ]
      ],
      "matrix_relative_to_wrist": [
        [
          -0.808043,
          -0.461634,
          0.366007,
          -0.01826
        ],
        [
          0.496054,
          -0.868292,
          -0.0,
          0.060112
        ],
        [
          0.317801,
          0.181559,
          0.930612,
          0.00289
        ],
        [
          0.0,
          0.0,
          0.0,
          1.0
        ]
      ]
    },
    "right_middle3": {
      "parent": "right_middle2",
      "rotation_mode": "QUATERNION",
      "basis_location": [
        -0.0,
        0.0,
        0.0
      ],
      "basis_rotation_quaternion": [
        1.0,
        0.0,
        0.0,
        0.0
      ],
      "basis_rotation_euler": null,
      "basis_scale": [
        1.0,
        1.0,
        1.0
      ],
      "matrix_basis": [
        [
          1.0,
          0.0,
          0.0,
          -0.0
        ],
        [
          0.0,
          1.0,
          0.0,
          0.0
        ],
        [
          0.0,
          0.0,
          1.0,
          0.0
        ],
        [
          0.0,
          0.0,
          0.0,
          1.0
        ]
      ],
      "matrix_relative_to_wrist": [
        [
          -0.808043,
          -0.461634,
          0.366007,
          -0.026733
        ],
        [
          0.496054,
          -0.868292,
          -0.0,
          0.045721
        ],
        [
          0.317801,
          0.181559,
          0.930612,
          0.005351
        ],
        [
          0.0,
          0.0,
          0.0,
          1.0
        ]
      ]
    },
    "right_pinky1": {
      "parent": "right_wrist",
      "rotation_mode": "QUATERNION",
      "basis_location": [
        0.0,
        -0.0,
        0.0
      ],
      "basis_rotation_quaternion": [
        0.750664,
        0.235778,
        0.346575,
        0.510683
      ],
      "basis_rotation_euler": null,
      "basis_scale": [
        1.0,
        1.0,
        1.0
      ],
      "matrix_basis": [
        [
          0.238177,
          -0.603274,
          0.761139,
          0.0
        ],
        [
          0.930133,
          0.367223,
          -0.0,
          -0.0
        ],
        [
          -0.279508,
          0.707961,
          0.648588,
          0.0
        ],
        [
          0.0,
          0.0,
          0.0,
          1.0
        ]
      ],
      "matrix_relative_to_wrist": [
        [
          0.238177,
          -0.603274,
          0.761139,
          0.001614
        ],
        [
          0.930133,
          0.367223,
          -0.0,
          0.048597
        ],
        [
          -0.279508,
          0.707961,
          0.648589,
          -0.029342
        ],
        [
          0.0,
          0.0,
          0.0,
          1.0
        ]
      ]
    },
    "right_pinky2": {
      "parent": "right_pinky1",
      "rotation_mode": "QUATERNION",
      "basis_location": [
        -0.0,
        -0.0,
        -0.0
      ],
      "basis_rotation_quaternion": [
        0.881645,
        -0.000617,
        0.117879,
        0.456953
      ],
      "basis_rotation_euler": null,
      "basis_scale": [
        1.0,
        1.0,
        1.0
      ],
      "matrix_basis": [
        [
          0.554597,
          -0.805886,
          0.207291,
          -0.0
        ],
        [
          0.805595,
          0.582387,
          0.108819,
          -0.0
        ],
        [
          -0.208419,
          0.106642,
          0.972208,
          -0.0
        ],
        [
          0.0,
          0.0,
          0.0,
          1.0
        ]
      ],
      "matrix_relative_to_wrist": [
        [
          -0.512538,
          -0.462113,
          0.72371,
          -0.011457
        ],
        [
          0.811682,
          -0.535716,
          0.232768,
          0.054741
        ],
        [
          0.280138,
          0.706725,
          0.649663,
          -0.021045
        ],
        [
          0.0,
          0.0,
          0.0,
          1.0
        ]
      ]
    },
    "right_pinky3": {
      "parent": "right_pinky2",
      "rotation_mode": "QUATERNION",
      "basis_location": [
        0.0,
        0.0,
        0.0
      ],
      "basis_rotation_quaternion": [
        1.0,
        0.0,
        0.0,
        0.0
      ],
      "basis_rotation_euler": null,
      "basis_scale": [
        1.0,
        1.0,
        1.0
      ],
      "matrix_basis": [
        [
          1.0,
          0.0,
          0.0,
          0.0
        ],
        [
          0.0,
          1.0,
          0.0,
          0.0
        ],
        [
          0.0,
          0.0,
          1.0,
          0.0
        ],
        [
          0.0,
          0.0,
          0.0,
          1.0
        ]
      ],
      "matrix_relative_to_wrist": [
        [
          -0.512538,
          -0.462113,
          0.72371,
          -0.019563
        ],
        [
          0.811682,
          -0.535716,
          0.232768,
          0.047485
        ],
        [
          0.280138,
          0.706725,
          0.649663,
          -0.014624
        ],
        [
          0.0,
          0.0,
          0.0,
          1.0
        ]
      ]
    },
    "right_ring1": {
      "parent": "right_wrist",
      "rotation_mode": "QUATERNION",
      "basis_location": [
        0.0,
        0.0,
        0.0
      ],
      "basis_rotation_quaternion": [
        0.663226,
        0.206123,
        0.197618,
        0.691769
      ],
      "basis_rotation_euler": null,
      "basis_scale": [
        1.0,
        1.0,
        1.0
      ],
      "matrix_basis": [
        [
          -0.035243,
          -0.836172,
          0.547335,
          0.0
        ],
        [
          0.999113,
          -0.042111,
          -0.0,
          0.0
        ],
        [
          0.023049,
          0.546849,
          0.836914,
          0.0
        ],
        [
          0.0,
          0.0,
          0.0,
          1.0
        ]
      ],
      "matrix_relative_to_wrist": [
        [
          -0.035243,
          -0.836172,
          0.547335,
          0.002121
        ],
        [
          0.999113,
          -0.042111,
          -0.0,
          0.054973
        ],
        [
          0.023049,
          0.546849,
          0.836914,
          -0.016139
        ],
        [
          0.0,
          0.0,
          0.0,
          1.0
        ]
      ]
    },
    "right_ring2": {
      "parent": "right_ring1",
      "rotation_mode": "QUATERNION",
      "basis_location": [
        0.0,
        -0.0,
        -0.0
      ],
      "basis_rotation_quaternion": [
        0.923201,
        0.0,
        -0.0,
        0.384317
      ],
      "basis_rotation_euler": null,
      "basis_scale": [
        1.0,
        1.0,
        1.0
      ],
      "matrix_basis": [
        [
          0.704601,
          -0.709604,
          0.0,
          0.0
        ],
        [
          0.709604,
          0.704601,
          -0.0,
          -0.0
        ],
        [
          0.0,
          0.0,
          1.0,
          -0.0
        ],
        [
          0.0,
          0.0,
          0.0,
          1.0
        ]
      ],
      "matrix_relative_to_wrist": [
        [
          -0.618183,
          -0.564159,
          0.547335,
          -0.015704
        ],
        [
          0.674094,
          -0.738646,
          -0.0,
          0.054736
        ],
        [
          0.404287,
          0.368955,
          0.836914,
          -0.008918
        ],
        [
          0.0,
          0.0,
          0.0,
          1.0
        ]
      ]
    },
    "right_ring3": {
      "parent": "right_ring2",
      "rotation_mode": "QUATERNION",
      "basis_location": [
        0.0,
        0.0,
        0.0
      ],
      "basis_rotation_quaternion": [
        1.0,
        0.0,
        0.0,
        0.0
      ],
      "basis_rotation_euler": null,
      "basis_scale": [
        1.0,
        1.0,
        1.0
      ],
      "matrix_basis": [
        [
          1.0,
          0.0,
          0.0,
          0.0
        ],
        [
          0.0,
          1.0,
          0.0,
          0.0
        ],
        [
          0.0,
          0.0,
          1.0,
          0.0
        ],
        [
          0.0,
          0.0,
          0.0,
          1.0
        ]
      ],
      "matrix_relative_to_wrist": [
        [
          -0.618183,
          -0.564159,
          0.547335,
          -0.025485
        ],
        [
          0.674094,
          -0.738646,
          -0.0,
          0.043922
        ],
        [
          0.404287,
          0.368955,
          0.836914,
          -0.00514
        ],
        [
          0.0,
          0.0,
          0.0,
          1.0
        ]
      ]
    },
    "right_thumb1": {
      "parent": "right_wrist",
      "rotation_mode": "QUATERNION",
      "basis_location": [
        0.0,
        0.0,
        0.0
      ],
      "basis_rotation_quaternion": [
        0.980718,
        0.00786,
        -0.190801,
        -0.040401
      ],
      "basis_rotation_euler": null,
      "basis_scale": [
        1.0,
        1.0,
        1.0
      ],
      "matrix_basis": [
        [
          0.923919,
          0.076253,
          -0.374913,
          0.0
        ],
        [
          -0.082252,
          0.996612,
          0.0,
          0.0
        ],
        [
          0.373643,
          0.030837,
          0.92706,
          0.0
        ],
        [
          0.0,
          0.0,
          0.0,
          1.0
        ]
      ],
      "matrix_relative_to_wrist": [
        [
          0.923919,
          0.076253,
          -0.374913,
          -0.006308
        ],
        [
          -0.082252,
          0.996612,
          0.0,
          0.024942
        ],
        [
          0.373643,
          0.030837,
          0.92706,
          0.013867
        ],
        [
          0.0,
          0.0,
          0.0,
          1.0
        ]
      ]
    },
    "right_thumb2": {
      "parent": "right_thumb1",
      "rotation_mode": "QUATERNION",
      "basis_location": [
        -0.0,
        0.0,
        0.0
      ],
      "basis_rotation_quaternion": [
        0.97591,
        -0.060697,
        0.017937,
        0.208788
      ],
      "basis_rotation_euler": null,
      "basis_scale": [
        1.0,
        1.0,
        1.0
      ],
      "matrix_basis": [
        [
          0.912171,
          -0.409695,
          0.009663,
          -0.0
        ],
        [
          0.40534,
          0.905446,
          0.12596,
          0.0
        ],
        [
          -0.060355,
          -0.11098,
          0.991988,
          0.0
        ],
        [
          0.0,
          0.0,
          0.0,
          1.0
        ]
      ],
      "matrix_relative_to_wrist": [
        [
          0.896308,
          -0.267875,
          -0.353377,
          -0.010265
        ],
        [
          0.328939,
          0.936077,
          0.124739,
          0.041531
        ],
        [
          0.297373,
          -0.228044,
          0.927127,
          0.019037
        ],
        [
          0.0,
          0.0,
          0.0,
          1.0
        ]
      ]
    },
    "right_thumb3": {
      "parent": "right_thumb2",
      "rotation_mode": "QUATERNION",
      "basis_location": [
        0.0,
        -0.0,
        0.0
      ],
      "basis_rotation_quaternion": [
        1.0,
        0.0,
        0.0,
        0.0
      ],
      "basis_rotation_euler": null,
      "basis_scale": [
        1.0,
        1.0,
        1.0
      ],
      "matrix_basis": [
        [
          1.0,
          0.0,
          0.0,
          0.0
        ],
        [
          0.0,
          1.0,
          0.0,
          -0.0
        ],
        [
          0.0,
          0.0,
          1.0,
          0.0
        ],
        [
          0.0,
          0.0,
          0.0,
          1.0
        ]
      ],
      "matrix_relative_to_wrist": [
        [
          0.896308,
          -0.267875,
          -0.353377,
          -0.016983
        ],
        [
          0.328939,
          0.936077,
          0.124739,
          0.057194
        ],
        [
          0.297373,
          -0.228044,
          0.927127,
          0.017774
        ],
        [
          0.0,
          0.0,
          0.0,
          1.0
        ]
      ]
    }
  }
}