{
  "file": "C:\\Users\\cobra\\wuxia-warrior\\ronin9.blend",
  "scene": "Scene",
  "armature": "Character_All",
  "action": "attack_thrust",
  "frame": 25,
  "bones": {
    "left_collar": {
      "parent": "spine3",
      "rotation_mode": "QUATERNION",
      "location": [
        0.0,
        -0.0,
        -0.0
      ],
      "rotation_quaternion": [
        0.958431,
        -0.2627,
        -0.027672,
        -0.107854
      ],
      "rotation_euler": null,
      "scale": [
        1.0,
        1.0,
        1.0192
      ],
      "matrix_basis": [
        [
          0.975204,
          0.22128,
          0.003693,
          0.0
        ],
        [
          -0.192203,
          0.838713,
          0.519311,
          -0.0
        ],
        [
          0.109709,
          -0.49759,
          0.876967,
          -0.0
        ],
        [
          0.0,
          0.0,
          0.0,
          1.0
        ]
      ]
    },
    "left_shoulder": {
      "parent": "left_collar",
      "rotation_mode": "QUATERNION",
      "location": [
        -0.0,
        0.0,
        0.0
      ],
      "rotation_quaternion": [
        0.723903,
        -0.426735,
        -0.49908,
        0.211649
      ],
      "rotation_euler": null,
      "scale": [
        1.1273,
        1.0,
        1.0
      ],
      "matrix_basis": [
        [
          0.464735,
          0.119521,
          -0.903194,
          -0.0
        ],
        [
          0.825596,
          0.546211,
          0.406563,
          0.0
        ],
        [
          0.610915,
          -0.829077,
          0.137645,
          0.0
        ],
        [
          0.0,
          0.0,
          0.0,
          1.0
        ]
      ]
    },
    "left_elbow": {
      "parent": "left_shoulder",
      "rotation_mode": "QUATERNION",
      "location": [
        0.0,
        -0.0,
        -0.0
      ],
      "rotation_quaternion": [
        0.954917,
        -0.235582,
        -0.170898,
        0.058086
      ],
      "rotation_euler": null,
      "scale": [
        1.0,
        1.0,
        1.0
      ],
      "matrix_basis": [
        [
          0.934837,
          -0.030416,
          -0.353773,
          0.0
        ],
        [
          0.191466,
          0.882248,
          0.430093,
          -0.0
        ],
        [
          0.299034,
          -0.469802,
          0.830581,
          -0.0
        ],
        [
          0.0,
          0.0,
          0.0,
          1.0
        ]
      ]
    },
    "left_wrist": {
      "parent": "left_elbow",
      "rotation_mode": "QUATERNION",
      "location": [
        -0.0,
        -0.0,
        0.0
      ],
      "rotation_quaternion": [
        0.883123,
        0.358831,
        0.222845,
        -0.204142
      ],
      "rotation_euler": null,
      "scale": [
        0.999999,
        1.0,
        1.0
      ],
      "matrix_basis": [
        [
          0.817331,
          0.520493,
          0.247095,
          -0.0
        ],
        [
          -0.200637,
          0.659132,
          -0.724769,
          -0.0
        ],
        [
          -0.540105,
          0.5428,
          0.64316,
          0.0
        ],
        [
          0.0,
          0.0,
          0.0,
          1.0
        ]
      ]
    },
    "right_collar": {
      "parent": "spine3",
      "rotation_mode": "QUATERNION",
      "location": [
        -0.0,
        0.0,
        -0.0
      ],
      "rotation_quaternion": [
        0.932161,
        0.303264,
        0.187914,
        -0.0616
      ],
      "rotation_euler": null,
      "scale": [
        1.0,
        1.0,
        1.0192
      ],
      "matrix_basis": [
        [
          0.921788,
          0.228817,
          0.31898,
          -0.0
        ],
        [
          -0.000867,
          0.808473,
          -0.599832,
          0.0
        ],
        [
          -0.387695,
          0.54223,
          0.759751,
          -0.0
        ],
        [
          0.0,
          0.0,
          0.0,
          1.0
        ]
      ]
    },
    "right_shoulder": {
      "parent": "right_collar",
      "rotation_mode": "QUATERNION",
      "location": [
        0.0,
        0.0,
        -0.0
      ],
      "rotation_quaternion": [
        0.810349,
        0.402378,
        0.323503,
        0.277078
      ],
      "rotation_euler": null,
      "scale": [
        1.1273,
        1.0,
        1.0
      ],
      "matrix_basis": [
        [
          0.718256,
          -0.188719,
          0.747281,
          0.0
        ],
        [
          0.799708,
          0.52264,
          -0.472862,
          0.0
        ],
        [
          -0.339679,
          0.831404,
          0.466876,
          -0.0
        ],
        [
          0.0,
          0.0,
          0.0,
          1.0
        ]
      ]
    },
    "right_elbow": {
      "parent": "right_shoulder",
      "rotation_mode": "QUATERNION",
      "location": [
        0.0,
        0.0,
        -0.0
      ],
      "rotation_quaternion": [
        0.92928,
        0.339968,
        -0.072602,
        0.124725
      ],
      "rotation_euler": null,
      "scale": [
        1.0,
        1.0,
        1.0
      ],
      "matrix_basis": [
        [
          0.958344,
          -0.281183,
          -0.050133,
          0.0
        ],
        [
          0.18245,
          0.737723,
          -0.649983,
          0.0
        ],
        [
          0.219748,
          0.61376,
          0.758294,
          -0.0
        ],
        [
          0.0,
          0.0,
          0.0,
          1.0
        ]
      ]
    },
    "right_wrist": {
      "parent": "right_elbow",
      "rotation_mode": "QUATERNION",
      "location": [
        -0.0,
        0.0,
        -0.0
      ],
      "rotation_quaternion": [
        0.833008,
        -0.448614,
        0.316869,
        0.066613
      ],
      "rotation_euler": null,
      "scale": [
        1.0,
        1.0,
        1.000001
      ],
      "matrix_basis": [
        [
          0.790313,
          -0.395282,
          0.468142,
          -0.0
        ],
        [
          -0.173326,
          0.588616,
          0.789614,
          0.0
        ],
        [
          -0.587676,
          -0.705182,
          0.396679,
          -0.0
        ],
        [
          0.0,
          0.0,
          0.0,
          1.0
        ]
      ]
    }
  }
}