{
  "file": "C:\\Users\\cobra\\wuxia-warrior\\ronin9.blend",
  "scene": "Scene",
  "armature": "Character_All",
  "action": "attack_thrust",
  "frame": 12,
  "bones": {
    "pelvis": {
      "parent": null,
      "rotation_mode": "QUATERNION",
      "location": [
        0.012037,
        -0.052257,
        0.012422
      ],
      "rotation_quaternion": [
        0.973665,
        -0.104411,
        -0.19613,
        -0.051064
      ],
      "rotation_euler": null,
      "scale": [
        1.0,
        1.0,
        1.0
      ],
      "matrix_basis": [
        [
          0.917851,
          0.140395,
          -0.371266,
          0.012037
        ],
        [
          -0.058483,
          0.972982,
          0.223353,
          -0.052257
        ],
        [
          0.392593,
          -0.183292,
          0.901263,
          0.012422
        ],
        [
          0.0,
          0.0,
          0.0,
          1.0
        ]
      ]
    },
    "left_hip": {
      "parent": "pelvis",
      "rotation_mode": "QUATERNION",
      "location": [
        -0.0,
        -0.0,
        -0.0
      ],
      "rotation_quaternion": [
        0.984576,
        -0.136688,
        -0.031292,
        -0.104628
      ],
      "rotation_euler": null,
      "scale": [
        1.0332,
        1.0,
        1.0
      ],
      "matrix_basis": [
        [
          1.008556,
          0.214583,
          -0.033015,
          -0.0
        ],
        [
          -0.204031,
          0.940739,
          0.275707,
          -0.0
        ],
        [
          0.093216,
          -0.262611,
          0.960674,
          -0.0
        ],
        [
          0.0,
          0.0,
          0.0,
          1.0
        ]
      ]
    },
    "left_knee": {
      "parent": "left_hip",
      "rotation_mode": "QUATERNION",
      "location": [
        -0.0,
        0.0,
        0.0
      ],
      "rotation_quaternion": [
        0.98365,
        0.180076,
        0.00059,
        -0.002095
      ],
      "rotation_euler": null,
      "scale": [
        1.0,
        1.0,
        1.0
      ],
      "matrix_basis": [
        [
          0.99999,
          0.004334,
          0.000406,
          -0.0
        ],
        [
          -0.003909,
          0.935136,
          -0.354266,
          0.0
        ],
        [
          -0.001915,
          0.354262,
          0.935144,
          0.0
        ],
        [
          0.0,
          0.0,
          0.0,
          1.0
        ]
      ]
    },
    "left_ankle": {
      "parent": "left_knee",
      "rotation_mode": "QUATERNION",
      "location": [
        -0.0,
        -0.0,
        -0.0
      ],
      "rotation_quaternion": [
        0.997098,
        -0.038706,
        -0.049513,
        -0.04296
      ],
      "rotation_euler": null,
      "scale": [
        1.0,
        1.0,
        1.0
      ],
      "matrix_basis": [
        [
          0.991406,
          0.089503,
          -0.095413,
          -0.0
        ],
        [
          -0.081837,
          0.993312,
          0.081442,
          -0.0
        ],
        [
          0.102065,
          -0.072934,
          0.9921,
          -0.0
        ],
        [
          0.0,
          0.0,
          0.0,
          1.0
        ]
      ]
    },
    "left_foot": {
      "parent": "left_ankle",
      "rotation_mode": "QUATERNION",
      "location": [
        -0.0,
        0.0,
        0.0
      ],
      "rotation_quaternion": [
        1.0,
        -5.3e-05,
        0.00029,
        0.000102
      ],
      "rotation_euler": null,
      "scale": [
        1.0,
        1.0,
        1.0
      ],
      "matrix_basis": [
        [
          1.0,
          -0.000204,
          0.000579,
          -0.0
        ],
        [
          0.000204,
          1.0,
          0.000105,
          0.0
        ],
        [
          -0.000579,
          -0.000105,
          1.0,
          0.0
        ],
        [
          0.0,
          0.0,
          0.0,
          1.0
        ]
      ]
    },
    "right_hip": {
      "parent": "pelvis",
      "rotation_mode": "QUATERNION",
      "location": [
        0.0,
        -0.0,
        -0.0
      ],
      "rotation_quaternion": [
        0.991285,
        -0.033484,
        0.125686,
        0.020898
      ],
      "rotation_euler": null,
      "scale": [
        1.0332,
        1.0,
        1.0
      ],
      "matrix_basis": [
        [
          0.999655,
          -0.049848,
          0.247781,
          0.0
        ],
        [
          0.03411,
          0.996884,
          0.071637,
          -0.0
        ],
        [
          -0.258899,
          -0.06113,
          0.966164,
          -0.0
        ],
        [
          0.0,
          0.0,
          0.0,
          1.0
        ]
      ]
    },
    "right_knee": {
      "parent": "right_hip",
      "rotation_mode": "QUATERNION",
      "location": [
        -0.0,
        0.0,
        -0.0
      ],
      "rotation_quaternion": [
        0.910143,
        0.414252,
        -0.005922,
        0.000148
      ],
      "rotation_euler": null,
      "scale": [
        1.0,
        1.0,
        1.0
      ],
      "matrix_basis": [
        [
          0.99993,
          -0.005175,
          -0.010657,
          -0.0
        ],
        [
          -0.004638,
          0.656791,
          -0.754059,
          0.0
        ],
        [
          0.010902,
          0.754056,
          0.65672,
          -0.0
        ],
        [
          0.0,
          0.0,
          0.0,
          1.0
        ]
      ]
    },
    "right_ankle": {
      "parent": "right_knee",
      "rotation_mode": "QUATERNION",
      "location": [
        0.0,
        -0.0,
        0.0
      ],
      "rotation_quaternion": [
        0.99283,
        -0.106551,
        0.053836,
        0.006132
      ],
      "rotation_euler": null,
      "scale": [
        1.0,
        1.0,
        1.0
      ],
      "matrix_basis": [
        [
          0.994128,
          -0.023648,
          0.105594,
          0.0
        ],
        [
          0.000703,
          0.977218,
          0.212235,
          -0.0
        ],
        [
          -0.108207,
          -0.210914,
          0.971497,
          0.0
        ],
        [
          0.0,
          0.0,
          0.0,
          1.0
        ]
      ]
    },
    "right_foot": {
      "parent": "right_ankle",
      "rotation_mode": "QUATERNION",
      "location": [
        -0.0,
        0.0,
        -0.0
      ],
      "rotation_quaternion": [
        0.985817,
        -0.167756,
        -0.003591,
        0.003051
      ],
      "rotation_euler": null,
      "scale": [
        1.0,
        1.0,
        1.0
      ],
      "matrix_basis": [
        [
          0.999956,
          -0.00481,
          -0.008104,
          -0.0
        ],
        [
          0.00722,
          0.943697,
          0.330732,
          0.0
        ],
        [
          0.006057,
          -0.330776,
          0.94369,
          -0.0
        ],
        [
          0.0,
          0.0,
          0.0,
          1.0
        ]
      ]
    },
    "spine1": {
      "parent": "pelvis",
      "rotation_mode": "QUATERNION",
      "location": [
        -0.0,
        0.0,
        0.0
      ],
      "rotation_quaternion": [
        0.988843,
        0.133474,
        0.053443,
        0.038954
      ],
      "rotation_euler": null,
      "scale": [
        1.0,
        1.0,
        1.0
      ],
      "matrix_basis": [
        [
          0.991253,
          -0.062772,
          0.116091,
          -0.0
        ],
        [
          0.091305,
          0.961335,
          -0.259806,
          0.0
        ],
        [
          -0.095294,
          0.268133,
          0.958657,
          0.0
        ],
        [
          0.0,
          0.0,
          0.0,
          1.0
        ]
      ]
    },
    "spine2": {
      "parent": "spine1",
      "rotation_mode": "QUATERNION",
      "location": [
        0.0,
        -0.0,
        0.0
      ],
      "rotation_quaternion": [
        0.999769,
        0.00912,
        -0.018528,
        0.005946
      ],
      "rotation_euler": null,
      "scale": [
        1.0,
        1.0,
        1.0
      ],
      "matrix_basis": [
        [
          0.999243,
          -0.012226,
          -0.036938,
          0.0
        ],
        [
          0.011551,
          0.999763,
          -0.018456,
          -0.0
        ],
        [
          0.037155,
          0.018016,
          0.999147,
          0.0
        ],
        [
          0.0,
          0.0,
          0.0,
          1.0
        ]
      ]
    },
    "spine3": {
      "parent": "spine2",
      "rotation_mode": "QUATERNION",
      "location": [
        0.0,
        -0.0,
        0.0
      ],
      "rotation_quaternion": [
        0.99944,
        0.028746,
        0.017002,
        -0.001882
      ],
      "rotation_euler": null,
      "scale": [
        1.0,
        1.0,
        1.0
      ],
      "matrix_basis": [
        [
          0.999415,
          0.00474,
          0.033877,
          0.0
        ],
        [
          -0.002785,
          0.99834,
          -0.057523,
          -0.0
        ],
        [
          -0.034093,
          0.057395,
          0.997769,
          0.0
        ],
        [
          0.0,
          0.0,
          0.0,
          1.0
        ]
      ]
    },
    "left_collar": {
      "parent": "spine3",
      "rotation_mode": "QUATERNION",
      "location": [
        0.0,
        -0.0,
        -0.0
      ],
      "rotation_quaternion": [
        0.984157,
        -0.122163,
        0.072777,
        0.105894
      ],
      "rotation_euler": null,
      "scale": [
        1.0,
        1.0,
        1.0192
      ],
      "matrix_basis": [
        [
          0.96698,
          -0.226215,
          0.119629,
          0.0
        ],
        [
          0.190652,
          0.947725,
          0.260782,
          -0.0
        ],
        [
          -0.169121,
          -0.225042,
          0.977983,
          -0.0
        ],
        [
          0.0,
          0.0,
          0.0,
          1.0
        ]
      ]
    },
    "left_shoulder": {
      "parent": "left_collar",
      "rotation_mode": "QUATERNION",
      "location": [
        -0.0,
        0.0,
        0.0
      ],
      "rotation_quaternion": [
        0.799127,
        -0.380871,
        -0.170355,
        0.432813
      ],
      "rotation_euler": null,
      "scale": [
        1.1273,
        1.0,
        1.0
      ],
      "matrix_basis": [
        [
          0.639529,
          -0.56197,
          -0.601954,
          -0.0
        ],
        [
          0.926077,
          0.335231,
          0.461258,
          0.0
        ],
        [
          -0.064729,
          -0.756181,
          0.651838,
          0.0
        ],
        [
          0.0,
          0.0,
          0.0,
          1.0
        ]
      ]
    },
    "left_elbow": {
      "parent": "left_shoulder",
      "rotation_mode": "QUATERNION",
      "location": [
        0.0,
        -0.0,
        0.0
      ],
      "rotation_quaternion": [
        0.820159,
        -0.542868,
        -0.180479,
        -0.002741
      ],
      "rotation_euler": null,
      "scale": [
        1.0,
        1.0,
        1.0
      ],
      "matrix_basis": [
        [
          0.934836,
          0.200459,
          -0.293084,
          0.0
        ],
        [
          0.191468,
          0.410542,
          0.891513,
          -0.0
        ],
        [
          0.299035,
          -0.889534,
          0.345408,
          0.0
        ],
        [
          0.0,
          0.0,
          0.0,
          1.0
        ]
      ]
    },
    "left_wrist": {
      "parent": "left_elbow",
      "rotation_mode": "QUATERNION",
      "location": [
        -0.0,
        0.0,
        0.0
      ],
      "rotation_quaternion": [
        0.905414,
        0.330084,
        0.088226,
        -0.251807
      ],
      "rotation_euler": null,
      "scale": [
        1.0,
        1.0,
        1.0
      ],
      "matrix_basis": [
        [
          0.857608,
          0.514264,
          -0.006474,
          -0.0
        ],
        [
          -0.397767,
          0.655249,
          -0.642208,
          0.0
        ],
        [
          -0.326022,
          0.553337,
          0.766503,
          0.0
        ],
        [
          0.0,
          0.0,
          0.0,
          1.0
        ]
      ]
    },
    "left_index1": {
      "parent": "left_wrist",
      "rotation_mode": "QUATERNION",
      "location": [
        0.0,
        0.0,
        0.0
      ],
      "rotation_quaternion": [
        0.883723,
        -0.0,
        0.0,
        0.46801
      ],
      "rotation_euler": null,
      "scale": [
        1.0,
        1.0,
        1.0
      ],
      "matrix_basis": [
        [
          0.561933,
          -0.827183,
          0.0,
          0.0
        ],
        [
          0.827183,
          0.561933,
          0.0,
          0.0
        ],
        [
          0.0,
          0.0,
          1.0,
          0.0
        ],
        [
          0.0,
          0.0,
          0.0,
          1.0
        ]
      ]
    },
    "left_index2": {
      "parent": "left_index1",
      "rotation_mode": "QUATERNION",
      "location": [
        0.0,
        0.0,
        0.0
      ],
      "rotation_quaternion": [
        0.652275,
        -0.0,
        0.0,
        0.757866
      ],
      "rotation_euler": null,
      "scale": [
        1.0,
        1.0,
        1.0
      ],
      "matrix_basis": [
        [
          -0.148925,
          -0.988849,
          0.0,
          0.0
        ],
        [
          0.988849,
          -0.148925,
          0.0,
          0.0
        ],
        [
          0.0,
          0.0,
          1.0,
          0.0
        ],
        [
          0.0,
          0.0,
          0.0,
          1.0
        ]
      ]
    },
    "left_index3": {
      "parent": "left_index2",
      "rotation_mode": "QUATERNION",
      "location": [
        -0.0,
        0.0,
        0.0
      ],
      "rotation_quaternion": [
        1.0,
        0.0,
        -0.0,
        0.0
      ],
      "rotation_euler": null,
      "scale": [
        1.0,
        1.0,
        1.0
      ],
      "matrix_basis": [
        [
          1.0,
          0.0,
          0.0,
          -0.0
        ],
        [
          0.0,
          1.0,
          0.0,
          0.0
        ],
        [
          0.0,
          0.0,
          1.0,
          0.0
        ],
        [
          0.0,
          0.0,
          0.0,
          1.0
        ]
      ]
    },
    "left_middle1": {
      "parent": "left_wrist",
      "rotation_mode": "QUATERNION",
      "location": [
        0.0,
        0.0,
        0.0
      ],
      "rotation_quaternion": [
        0.769587,
        -0.027282,
        -0.032955,
        0.637107
      ],
      "rotation_euler": null,
      "scale": [
        1.0,
        1.0,
        1.0
      ],
      "matrix_basis": [
        [
          0.186017,
          -0.978821,
          -0.085487,
          0.0
        ],
        [
          0.982417,
          0.186701,
          0.0,
          0.0
        ],
        [
          0.01596,
          -0.083983,
          0.996339,
          0.0
        ],
        [
          0.0,
          0.0,
          0.0,
          1.0
        ]
      ]
    },
    "left_middle2": {
      "parent": "left_middle1",
      "rotation_mode": "QUATERNION",
      "location": [
        0.0,
        0.0,
        0.0
      ],
      "rotation_quaternion": [
        0.826946,
        -0.003394,
        -0.013583,
        0.562107
      ],
      "rotation_euler": null,
      "scale": [
        1.0,
        1.0,
        1.0
      ],
      "matrix_basis": [
        [
          0.367702,
          -0.929572,
          -0.02628,
          0.0
        ],
        [
          0.929757,
          0.368048,
          -0.009657,
          0.0
        ],
        [
          0.018649,
          -0.020884,
          0.999608,
          0.0
        ],
        [
          0.0,
          0.0,
          0.0,
          1.0
        ]
      ]
    },
    "left_middle3": {
      "parent": "left_middle2",
      "rotation_mode": "QUATERNION",
      "location": [
        -0.0,
        0.0,
        -0.0
      ],
      "rotation_quaternion": [
        1.0,
        0.0,
        -0.0,
        0.0
      ],
      "rotation_euler": null,
      "scale": [
        1.0,
        1.0,
        1.0
      ],
      "matrix_basis": [
        [
          1.0,
          0.0,
          0.0,
          -0.0
        ],
        [
          0.0,
          1.0,
          0.0,
          0.0
        ],
        [
          0.0,
          0.0,
          1.0,
          -0.0
        ],
        [
          0.0,
          0.0,
          0.0,
          1.0
        ]
      ]
    },
    "left_pinky1": {
      "parent": "left_wrist",
      "rotation_mode": "QUATERNION",
      "location": [
        0.0,
        0.0,
        0.0
      ],
      "rotation_quaternion": [
        0.762643,
        -0.20679,
        -0.292961,
        0.53832
      ],
      "rotation_euler": null,
      "scale": [
        1.0,
        1.0,
        1.0
      ],
      "matrix_basis": [
        [
          0.248772,
          -0.699929,
          -0.669487,
          0.0
        ],
        [
          0.942254,
          0.3349,
          0.0,
          0.0
        ],
        [
          0.224211,
          -0.630827,
          0.742824,
          0.0
        ],
        [
          0.0,
          0.0,
          0.0,
          1.0
        ]
      ]
    },
    "left_pinky2": {
      "parent": "left_pinky1",
      "rotation_mode": "QUATERNION",
      "location": [
        0.0,
        0.0,
        0.0
      ],
      "rotation_quaternion": [
        0.856365,
        -0.008052,
        -0.086574,
        0.508998
      ],
      "rotation_euler": null,
      "scale": [
        1.0,
        1.0,
        1.0
      ],
      "matrix_basis": [
        [
          0.466852,
          -0.870382,
          -0.156475,
          0.0
        ],
        [
          0.873171,
          0.481712,
          -0.074341,
          0.0
        ],
        [
          0.140081,
          -0.101923,
          0.98488,
          0.0
        ],
        [
          0.0,
          0.0,
          0.0,
          1.0
        ]
      ]
    },
    "left_pinky3": {
      "parent": "left_pinky2",
      "rotation_mode": "QUATERNION",
      "location": [
        -0.0,
        0.0,
        0.0
      ],
      "rotation_quaternion": [
        1.0,
        0.0,
        -0.0,
        0.0
      ],
      "rotation_euler": null,
      "scale": [
        1.0,
        1.0,
        1.0
      ],
      "matrix_basis": [
        [
          1.0,
          0.0,
          0.0,
          -0.0
        ],
        [
          0.0,
          1.0,
          0.0,
          0.0
        ],
        [
          0.0,
          0.0,
          1.0,
          0.0
        ],
        [
          0.0,
          0.0,
          0.0,
          1.0
        ]
      ]
    },
    "left_ring1": {
      "parent": "left_wrist",
      "rotation_mode": "QUATERNION",
      "location": [
        0.0,
        0.0,
        0.0
      ],
      "rotation_quaternion": [
        0.794858,
        -0.152851,
        -0.223782,
        0.542916
      ],
      "rotation_euler": null,
      "scale": [
        1.0,
        1.0,
        1.0
      ],
      "matrix_basis": [
        [
          0.310327,
          -0.794673,
          -0.521721,
          0.0
        ],
        [
          0.931494,
          0.363757,
          0.0,
          0.0
        ],
        [
          0.18978,
          -0.48598,
          0.853116,
          0.0
        ],
        [
          0.0,
          0.0,
          0.0,
          1.0
        ]
      ]
    },
    "left_ring2": {
      "parent": "left_ring1",
      "rotation_mode": "QUATERNION",
      "location": [
        0.0,
        0.0,
        0.0
      ],
      "rotation_quaternion": [
        0.853688,
        -0.001132,
        -0.089939,
        0.512958
      ],
      "rotation_euler": null,
      "scale": [
        1.0,
        1.0,
        1.0
      ],
      "matrix_basis": [
        [
          0.45757,
          -0.875609,
          -0.154721,
          0.0
        ],
        [
          0.876016,
          0.473745,
          -0.090337,
          0.0
        ],
        [
          0.152398,
          -0.094203,
          0.983819,
          0.0
        ],
        [
          0.0,
          0.0,
          0.0,
          1.0
        ]
      ]
    },
    "left_ring3": {
      "parent": "left_ring2",
      "rotation_mode": "QUATERNION",
      "location": [
        0.0,
        0.0,
        -0.0
      ],
      "rotation_quaternion": [
        1.0,
        0.0,
        -0.0,
        0.0
      ],
      "rotation_euler": null,
      "scale": [
        1.0,
        1.0,
        1.0
      ],
      "matrix_basis": [
        [
          1.0,
          0.0,
          0.0,
          0.0
        ],
        [
          0.0,
          1.0,
          0.0,
          0.0
        ],
        [
          0.0,
          0.0,
          1.0,
          -0.0
        ],
        [
          0.0,
          0.0,
          0.0,
          1.0
        ]
      ]
    },
    "left_thumb1": {
      "parent": "left_wrist",
      "rotation_mode": "QUATERNION",
      "location": [
        0.0,
        0.0,
        0.0
      ],
      "rotation_quaternion": [
        0.99582,
        -0.0,
        0.0,
        0.088982
      ],
      "rotation_euler": null,
      "scale": [
        1.0,
        1.0,
        1.0
      ],
      "matrix_basis": [
        [
          0.984158,
          -0.177295,
          0.0,
          0.0
        ],
        [
          0.177295,
          0.984158,
          0.0,
          0.0
        ],
        [
          0.0,
          0.0,
          1.0,
          0.0
        ],
        [
          0.0,
          0.0,
          0.0,
          1.0
        ]
      ]
    },
    "left_thumb2": {
      "parent": "left_thumb1",
      "rotation_mode": "QUATERNION",
      "location": [
        0.0,
        0.0,
        0.0
      ],
      "rotation_quaternion": [
        1.0,
        0.0,
        -0.0,
        0.0
      ],
      "rotation_euler": null,
      "scale": [
        1.0,
        1.0,
        1.0
      ],
      "matrix_basis": [
        [
          1.0,
          0.0,
          0.0,
          0.0
        ],
        [
          0.0,
          1.0,
          0.0,
          0.0
        ],
        [
          0.0,
          0.0,
          1.0,
          0.0
        ],
        [
          0.0,
          0.0,
          0.0,
          1.0
        ]
      ]
    },
    "left_thumb3": {
      "parent": "left_thumb2",
      "rotation_mode": "QUATERNION",
      "location": [
        -0.0,
        0.0,
        0.0
      ],
      "rotation_quaternion": [
        1.0,
        0.0,
        -0.0,
        0.0
      ],
      "rotation_euler": null,
      "scale": [
        1.0,
        1.0,
        1.0
      ],
      "matrix_basis": [
        [
          1.0,
          0.0,
          0.0,
          -0.0
        ],
        [
          0.0,
          1.0,
          0.0,
          0.0
        ],
        [
          0.0,
          0.0,
          1.0,
          0.0
        ],
        [
          0.0,
          0.0,
          0.0,
          1.0
        ]
      ]
    },
    "neck": {
      "parent": "spine3",
      "rotation_mode": "QUATERNION",
      "location": [
        -0.0,
        -0.0,
        0.0
      ],
      "rotation_quaternion": [
        0.996944,
        0.01093,
        0.077185,
        0.005059
      ],
      "rotation_euler": null,
      "scale": [
        1.0,
        1.0,
        1.0
      ],
      "matrix_basis": [
        [
          0.988033,
          -0.008399,
          0.154009,
          -0.0
        ],
        [
          0.011773,
          0.99971,
          -0.021012,
          -0.0
        ],
        [
          -0.153788,
          0.022574,
          0.987846,
          0.0
        ],
        [
          0.0,
          0.0,
          0.0,
          1.0
        ]
      ]
    },
    "head": {
      "parent": "neck",
      "rotation_mode": "QUATERNION",
      "location": [
        -0.0,
        0.0,
        -0.0
      ],
      "rotation_quaternion": [
        0.997595,
        0.045708,
        0.020994,
        0.047683
      ],
      "rotation_euler": null,
      "scale": [
        1.0,
        1.0,
        1.0
      ],
      "matrix_basis": [
        [
          0.994571,
          -0.093218,
          0.046245,
          -0.0
        ],
        [
          0.097057,
          0.991274,
          -0.089195,
          0.0
        ],
        [
          -0.037527,
          0.093199,
          0.99494,
          -0.0
        ],
        [
          0.0,
          0.0,
          0.0,
          1.0
        ]
      ]
    },
    "right_collar": {
      "parent": "spine3",
      "rotation_mode": "QUATERNION",
      "location": [
        0.0,
        -0.0,
        0.0
      ],
      "rotation_quaternion": [
        0.974615,
        0.168673,
        0.11788,
        0.088197
      ],
      "rotation_euler": null,
      "scale": [
        1.0,
        1.0,
        1.0192
      ],
      "matrix_basis": [
        [
          0.956651,
          -0.132151,
          0.264512,
          0.0
        ],
        [
          0.211684,
          0.927541,
          -0.313903,
          -0.0
        ],
        [
          -0.200023,
          0.349576,
          0.932881,
          0.0
        ],
        [
          0.0,
          0.0,
          0.0,
          1.0
        ]
      ]
    },
    "right_shoulder": {
      "parent": "right_collar",
      "rotation_mode": "QUATERNION",
      "location": [
        0.0,
        0.0,
        0.0
      ],
      "rotation_quaternion": [
        0.836574,
        0.334912,
        -0.083937,
        0.425362
      ],
      "rotation_euler": null,
      "scale": [
        1.1273,
        1.0,
        1.0
      ],
      "matrix_basis": [
        [
          0.703485,
          -0.767916,
          0.144478,
          0.0
        ],
        [
          0.738911,
          0.413802,
          -0.631765,
          0.0
        ],
        [
          0.479505,
          0.488951,
          0.761576,
          0.0
        ],
        [
          0.0,
          0.0,
          0.0,
          1.0
        ]
      ]
    },
    "right_elbow": {
      "parent": "right_shoulder",
      "rotation_mode": "QUATERNION",
      "location": [
        0.0,
        -0.0,
        -0.0
      ],
      "rotation_quaternion": [
        0.836821,
        0.528081,
        -0.044701,
        0.13722
      ],
      "rotation_euler": null,
      "scale": [
        1.0,
        1.0,
        1.0
      ],
      "matrix_basis": [
        [
          0.958344,
          -0.276878,
          0.070115,
          0.0
        ],
        [
          0.182451,
          0.404582,
          -0.896117,
          -0.0
        ],
        [
          0.219747,
          0.87158,
          0.438245,
          -0.0
        ],
        [
          0.0,
          0.0,
          0.0,
          1.0
        ]
      ]
    },
    "right_wrist": {
      "parent": "right_elbow",
      "rotation_mode": "QUATERNION",
      "location": [
        -0.0,
        0.0,
        0.0
      ],
      "rotation_quaternion": [
        0.925505,
        -0.287484,
        0.234458,
        -0.075843
      ],
      "rotation_euler": null,
      "scale": [
        1.0,
        1.0,
        1.0
      ],
      "matrix_basis": [
        [
          0.878546,
          0.00558,
          0.477624,
          -0.0
        ],
        [
          -0.275211,
          0.823189,
          0.496608,
          0.0
        ],
        [
          -0.390404,
          -0.56774,
          0.724745,
          0.0
        ],
        [
          0.0,
          0.0,
          0.0,
          1.0
        ]
      ]
    },
    "right_index1": {
      "parent": "right_wrist",
      "rotation_mode": "QUATERNION",
      "location": [
        0.0,
        -0.0,
        -0.0
      ],
      "rotation_quaternion": [
        0.807419,
        0.0,
        -0.0,
        0.589974
      ],
      "rotation_euler": null,
      "scale": [
        1.0,
        1.0,
        1.0
      ],
      "matrix_basis": [
        [
          0.303858,
          -0.952717,
          0.0,
          0.0
        ],
        [
          0.952717,
          0.303858,
          0.0,
          -0.0
        ],
        [
          0.0,
          0.0,
          1.0,
          -0.0
        ],
        [
          0.0,
          0.0,
          0.0,
          1.0
        ]
      ]
    },
    "right_index2": {
      "parent": "right_index1",
      "rotation_mode": "QUATERNION",
      "location": [
        0.0,
        0.0,
        -0.0
      ],
      "rotation_quaternion": [
        0.807764,
        0.0,
        0.0,
        0.588844
      ],
      "rotation_euler": null,
      "scale": [
        1.0,
        1.0,
        1.0
      ],
      "matrix_basis": [
        [
          0.305984,
          -0.952037,
          0.0,
          0.0
        ],
        [
          0.952037,
          0.305984,
          0.0,
          0.0
        ],
        [
          0.0,
          0.0,
          1.0,
          -0.0
        ],
        [
          0.0,
          0.0,
          0.0,
          1.0
        ]
      ]
    },
    "right_index3": {
      "parent": "right_index2",
      "rotation_mode": "QUATERNION",
      "location": [
        0.0,
        0.0,
        -0.0
      ],
      "rotation_quaternion": [
        1.0,
        0.0,
        0.0,
        0.0
      ],
      "rotation_euler": null,
      "scale": [
        1.0,
        1.0,
        1.0
      ],
      "matrix_basis": [
        [
          1.0,
          0.0,
          0.0,
          0.0
        ],
        [
          0.0,
          1.0,
          0.0,
          0.0
        ],
        [
          0.0,
          0.0,
          1.0,
          -0.0
        ],
        [
          0.0,
          0.0,
          0.0,
          1.0
        ]
      ]
    },
    "right_middle1": {
      "parent": "right_wrist",
      "rotation_mode": "QUATERNION",
      "location": [
        0.0,
        0.0,
        0.0
      ],
      "rotation_quaternion": [
        0.709973,
        0.128747,
        0.134597,
        0.679113
      ],
      "rotation_euler": null,
      "scale": [
        1.0,
        1.0,
        1.0
      ],
      "matrix_basis": [
        [
          0.041329,
          -0.929694,
          0.366007,
          0.0
        ],
        [
          0.999013,
          0.04441,
          -1e-06,
          0.0
        ],
        [
          -0.016254,
          0.365646,
          0.930612,
          0.0
        ],
        [
          0.0,
          0.0,
          0.0,
          1.0
        ]
      ]
    },
    "right_middle2": {
      "parent": "right_middle1",
      "rotation_mode": "QUATERNION",
      "location": [
        -0.0,
        0.0,
        -0.0
      ],
      "rotation_quaternion": [
        0.853523,
        0.0,
        0.0,
        0.521054
      ],
      "rotation_euler": null,
      "scale": [
        1.0,
        1.0,
        1.0
      ],
      "matrix_basis": [
        [
          0.457005,
          -0.889464,
          0.0,
          -0.0
        ],
        [
          0.889464,
          0.457005,
          0.0,
          0.0
        ],
        [
          0.0,
          0.0,
          1.0,
          -0.0
        ],
        [
          0.0,
          0.0,
          0.0,
          1.0
        ]
      ]
    },
    "right_middle3": {
      "parent": "right_middle2",
      "rotation_mode": "QUATERNION",
      "location": [
        -0.0,
        0.0,
        0.0
      ],
      "rotation_quaternion": [
        1.0,
        0.0,
        0.0,
        0.0
      ],
      "rotation_euler": null,
      "scale": [
        1.0,
        1.0,
        1.0
      ],
      "matrix_basis": [
        [
          1.0,
          0.0,
          0.0,
          -0.0
        ],
        [
          0.0,
          1.0,
          0.0,
          0.0
        ],
        [
          0.0,
          0.0,
          1.0,
          0.0
        ],
        [
          0.0,
          0.0,
          0.0,
          1.0
        ]
      ]
    },
    "right_pinky1": {
      "parent": "right_wrist",
      "rotation_mode": "QUATERNION",
      "location": [
        0.0,
        -0.0,
        0.0
      ],
      "rotation_quaternion": [
        0.750664,
        0.235778,
        0.346575,
        0.510683
      ],
      "rotation_euler": null,
      "scale": [
        1.0,
        1.0,
        1.0
      ],
      "matrix_basis": [
        [
          0.238177,
          -0.603274,
          0.761139,
          0.0
        ],
        [
          0.930133,
          0.367223,
          -0.0,
          -0.0
        ],
        [
          -0.279507,
          0.707961,
          0.648589,
          0.0
        ],
        [
          0.0,
          0.0,
          0.0,
          1.0
        ]
      ]
    },
    "right_pinky2": {
      "parent": "right_pinky1",
      "rotation_mode": "QUATERNION",
      "location": [
        -0.0,
        -0.0,
        -0.0
      ],
      "rotation_quaternion": [
        0.881645,
        -0.000617,
        0.117879,
        0.456953
      ],
      "rotation_euler": null,
      "scale": [
        1.0,
        1.0,
        1.0
      ],
      "matrix_basis": [
        [
          0.554597,
          -0.805886,
          0.207291,
          -0.0
        ],
        [
          0.805595,
          0.582387,
          0.108818,
          -0.0
        ],
        [
          -0.208419,
          0.106642,
          0.972208,
          -0.0
        ],
        [
          0.0,
          0.0,
          0.0,
          1.0
        ]
      ]
    },
    "right_pinky3": {
      "parent": "right_pinky2",
      "rotation_mode": "QUATERNION",
      "location": [
        0.0,
        0.0,
        0.0
      ],
      "rotation_quaternion": [
        1.0,
        0.0,
        0.0,
        0.0
      ],
      "rotation_euler": null,
      "scale": [
        1.0,
        1.0,
        1.0
      ],
      "matrix_basis": [
        [
          1.0,
          0.0,
          0.0,
          0.0
        ],
        [
          0.0,
          1.0,
          0.0,
          0.0
        ],
        [
          0.0,
          0.0,
          1.0,
          0.0
        ],
        [
          0.0,
          0.0,
          0.0,
          1.0
        ]
      ]
    },
    "right_ring1": {
      "parent": "right_wrist",
      "rotation_mode": "QUATERNION",
      "location": [
        0.0,
        0.0,
        0.0
      ],
      "rotation_quaternion": [
        0.663226,
        0.206123,
        0.197618,
        0.691769
      ],
      "rotation_euler": null,
      "scale": [
        1.0,
        1.0,
        1.0
      ],
      "matrix_basis": [
        [
          -0.035244,
          -0.836171,
          0.547336,
          0.0
        ],
        [
          0.999113,
          -0.042111,
          -0.0,
          0.0
        ],
        [
          0.023049,
          0.54685,
          0.836913,
          0.0
        ],
        [
          0.0,
          0.0,
          0.0,
          1.0
        ]
      ]
    },
    "right_ring2": {
      "parent": "right_ring1",
      "rotation_mode": "QUATERNION",
      "location": [
        0.0,
        -0.0,
        -0.0
      ],
      "rotation_quaternion": [
        0.923201,
        0.0,
        -0.0,
        0.384317
      ],
      "rotation_euler": null,
      "scale": [
        1.0,
        1.0,
        1.0
      ],
      "matrix_basis": [
        [
          0.704601,
          -0.709604,
          0.0,
          0.0
        ],
        [
          0.709604,
          0.704601,
          0.0,
          -0.0
        ],
        [
          0.0,
          0.0,
          1.0,
          -0.0
        ],
        [
          0.0,
          0.0,
          0.0,
          1.0
        ]
      ]
    },
    "right_ring3": {
      "parent": "right_ring2",
      "rotation_mode": "QUATERNION",
      "location": [
        0.0,
        0.0,
        0.0
      ],
      "rotation_quaternion": [
        1.0,
        0.0,
        0.0,
        0.0
      ],
      "rotation_euler": null,
      "scale": [
        1.0,
        1.0,
        1.0
      ],
      "matrix_basis": [
        [
          1.0,
          0.0,
          0.0,
          0.0
        ],
        [
          0.0,
          1.0,
          0.0,
          0.0
        ],
        [
          0.0,
          0.0,
          1.0,
          0.0
        ],
        [
          0.0,
          0.0,
          0.0,
          1.0
        ]
      ]
    },
    "right_thumb1": {
      "parent": "right_wrist",
      "rotation_mode": "QUATERNION",
      "location": [
        0.0,
        0.0,
        0.0
      ],
      "rotation_quaternion": [
        0.980718,
        0.00786,
        -0.190801,
        -0.040401
      ],
      "rotation_euler": null,
      "scale": [
        1.0,
        1.0,
        1.0
      ],
      "matrix_basis": [
        [
          0.923918,
          0.076252,
          -0.374914,
          0.0
        ],
        [
          -0.082251,
          0.996612,
          0.0,
          0.0
        ],
        [
          0.373644,
          0.030837,
          0.92706,
          0.0
        ],
        [
          0.0,
          0.0,
          0.0,
          1.0
        ]
      ]
    },
    "right_thumb2": {
      "parent": "right_thumb1",
      "rotation_mode": "QUATERNION",
      "location": [
        -0.0,
        0.0,
        0.0
      ],
      "rotation_quaternion": [
        0.97591,
        -0.060697,
        0.017937,
        0.208788
      ],
      "rotation_euler": null,
      "scale": [
        1.0,
        1.0,
        1.0
      ],
      "matrix_basis": [
        [
          0.912172,
          -0.409695,
          0.009664,
          -0.0
        ],
        [
          0.40534,
          0.905447,
          0.12596,
          0.0
        ],
        [
          -0.060355,
          -0.11098,
          0.991988,
          0.0
        ],
        [
          0.0,
          0.0,
          0.0,
          1.0
        ]
      ]
    },
    "right_thumb3": {
      "parent": "right_thumb2",
      "rotation_mode": "QUATERNION",
      "location": [
        0.0,
        -0.0,
        0.0
      ],
      "rotation_quaternion": [
        1.0,
        0.0,
        0.0,
        0.0
      ],
      "rotation_euler": null,
      "scale": [
        1.0,
        1.0,
        1.0
      ],
      "matrix_basis": [
        [
          1.0,
          0.0,
          0.0,
          0.0
        ],
        [
          0.0,
          1.0,
          0.0,
          -0.0
        ],
        [
          0.0,
          0.0,
          1.0,
          0.0
        ],
        [
          0.0,
          0.0,
          0.0,
          1.0
        ]
      ]
    },
    "KatanaControl": {
      "parent": "right_wrist",
      "rotation_mode": "QUATERNION",
      "location": [
        0.0,
        0.0,
        0.0
      ],
      "rotation_quaternion": [
        1.0,
        0.0,
        0.0,
        0.0
      ],
      "rotation_euler": null,
      "scale": [
        1.0,
        1.0,
        1.0
      ],
      "matrix_basis": [
        [
          1.0,
          0.0,
          0.0,
          0.0
        ],
        [
          0.0,
          1.0,
          0.0,
          0.0
        ],
        [
          0.0,
          0.0,
          1.0,
          0.0
        ],
        [
          0.0,
          0.0,
          0.0,
          1.0
        ]
      ]
    },
    "KatanaTip": {
      "parent": "KatanaControl",
      "rotation_mode": "QUATERNION",
      "location": [
        0.0,
        0.0,
        0.0
      ],
      "rotation_quaternion": [
        0.0,
        0.0,
